vanilla inverse

Accuracy        Recall          Specificity     Precision       FDR     F1 Score
0.99504         0.80856         0.99975         0.98769         0.01231 0.88920         Train
0.99430         0.76842         0.99975         0.98649         0.01351 0.86391         Test

0.99504         0.80856         0.99975         0.98769         0.01231 0.88920         Train   5
0.96660         0.83375         0.96995         0.41169         0.58831 0.55121         Train   10
0.92675         0.60705         0.93482         0.19021         0.80979 0.28966         Train   15
0.93661         0.61965         0.94460         0.22004         0.77996 0.32475         Train   20

0.99430         0.76842         0.99975         0.98649         0.01351 0.86391         Test    5
0.96580         0.81053         0.96954         0.39086         0.60914 0.52740         Test    10
0.92169         0.61053         0.92919         0.17211         0.82789 0.26852         Test    15
0.93804         0.74737         0.94264         0.23906         0.76094 0.36224         Test    20