
vanilla inverse
Accuracy        Recall          Specificity     Precision       FDR     F1 Score    Mode
0.73813         0.01672         0.99927         0.89286         0.10714 0.03283     train
0.73774         0.01604         0.99903         0.85714         0.14286 0.03150     test

AdaBoost
Accuracy        Recall          Specificity     Precision       FDR     F1 Score        mode
0.78293         0.59599         0.85061         0.59085         0.40915 0.59341         Train   5
0.77387         0.56455         0.84964         0.57611         0.42389 0.57027         Train   10
0.75484         0.63612         0.79782         0.53247         0.46753 0.57970         Train   15
0.75751         0.43880         0.87288         0.55546         0.44454 0.49028         Train   20

0.78252         0.60160         0.84802         0.58901         0.41099 0.59524         Test    5
0.78109         0.60160         0.84608         0.58594         0.41406 0.59367         Test    10
0.75551         0.63636         0.79864         0.53363         0.46637 0.58049         Test    15
0.75480         0.44385         0.86738         0.54785         0.45215 0.49040         Test    20